1.451219639808382977e+00
1.592440778708757332e+00
1.693948105821502459e+00
1.088324203696968695e+00
1.238373212309198390e+00
1.176895812991043622e+00
1.058938324923261565e+00
1.791793859488934437e+00
1.671559597081343274e+00
1.735051379156646867e+00
1.085050038473793332e+00
1.445135869140445006e+00
1.812702579168182559e+00
1.215264719442989083e+00
1.749517302334734792e+00
1.593571398977048137e+00
1.394419864797866948e+00
1.344338064983738423e+00
1.573214705156822824e+00
1.945013692171721154e+00
