6.259020280857927609e-01 5.309999001949703423e-01 6.906286366679084132e-01 6.740575159277397699e-01 5.311145385837701127e-01 8.002860066132563288e-01 6.671013329653775470e-01 8.576419364020023695e-01 5.325361593707935715e-01 6.273048358124846402e-01
8.184906663498836554e-01 9.951387898763848217e-01 9.902049444827631941e-01 9.676511997229395590e-01 8.766265980761458465e-01 9.639032017921254081e-01 8.371514315576817911e-01 5.739892512128725865e-01 9.031507143403365578e-01 9.080856007724442680e-01
6.960289570782628443e-01 9.924058555807622195e-01 5.330368009968474707e-01 8.945486224113042839e-01 6.542104813187381573e-01 6.561924921639017416e-01 7.600019573547049934e-01 5.430688243421111228e-01 9.377395693818838529e-01 7.408175375788874639e-01
5.715200365736853305e-01 5.719357363168431352e-01 5.508700826487999969e-01 8.255669769236040345e-01 6.418394891048294637e-01 9.942212783693133993e-01 5.373586467139974676e-01 7.480261507024443812e-01 7.744574814889900738e-01 7.657315182107974350e-01
9.449599849618488534e-01 9.808776648267226728e-01 6.285930641059270796e-01 5.521027977620716065e-01 6.467305842619643919e-01 7.773812028012454522e-01 6.225038057693679239e-01 6.082907966384538678e-01 8.125195788055480373e-01 5.279699830662696325e-01
5.432885299820268132e-01 8.223306085945629729e-01 9.682591366777059116e-01 8.683805697846112004e-01 9.622178066020610210e-01 6.606965861856004540e-01 5.249661336763655761e-01 5.272795379597474685e-01 8.450714197344200151e-01 6.297877001059302149e-01
9.180029580209871920e-01 5.991663695021011149e-01 5.881678504997216450e-01 5.276926187750907715e-01 7.214982993545213663e-01 7.974747419796165415e-01 9.772862620134519229e-01 7.366834252902754177e-01 8.302410922165390783e-01 6.644775018250824727e-01
5.195516609316723766e-01 8.637212350064980004e-01 6.965465649175528462e-01 7.876957544605736050e-01 9.691037592182416560e-01 5.365729702389550049e-01 8.262228157691868802e-01 7.208599008405858211e-01 5.626002434098851257e-01 8.478901666872289411e-01
8.993535492612482196e-01 5.885556055575682510e-01 5.521821926034831129e-01 5.519201448788164655e-01 9.063802639379494597e-01 9.205651948201776236e-01 7.279071686331355373e-01 5.879772871525263955e-01 6.210421902869187605e-01 7.298333312107784243e-01
8.221232723412374988e-01 7.018402326743995445e-01 8.873170921548281243e-01 5.968900644661647714e-01 5.253315852635556116e-01 6.883220498259839948e-01 9.783766109747003004e-01 6.885619863731209378e-01 6.969490300700316165e-01 9.833130047557600006e-01
6.060207634524568121e-01 9.438515416109043432e-01 7.337804846617586030e-01 7.632082917496380015e-01 8.839107436065809509e-01 6.302490702034957426e-01 5.183977097913344823e-01 5.225592131898957327e-01 8.034162492248833054e-01 8.149147010005678426e-01
6.811643582853015300e-01 7.704152488164717205e-01 5.655556613077157291e-01 5.790883868009719659e-01 6.184895544225017527e-01 5.563625044135728226e-01 8.477353100879196912e-01 5.105626378418894884e-01 5.703797311475250487e-01 5.445522919143666041e-01
8.451149014553145378e-01 7.904333457227232795e-01 9.221286371239403312e-01 5.056704638226601212e-01 6.372208449435312616e-01 5.785471442239880080e-01 8.068802112117805514e-01 9.827390970693785643e-01 5.932821896088498193e-01 5.715271422684733427e-01
9.885541807612869825e-01 9.683679141868386520e-01 7.957730430975418212e-01 7.417927775483965647e-01 8.092902186478552196e-01 8.155613638955969691e-01 7.654411910662726193e-01 6.962319751155132685e-01 7.190807528968234941e-01 7.897750611848993740e-01
9.312993763730861296e-01 9.392493764105205312e-01 6.072508466438868435e-01 6.465614850250926970e-01 6.029292403945920586e-01 6.043938262455634813e-01 9.654832093426140016e-01 8.731565932123468432e-01 8.982211502308778961e-01 8.110766495166266132e-01
5.513521348202079508e-01 5.830738016048656602e-01 6.608008490134504864e-01 9.221456843272292092e-01 8.628220845600280686e-01 8.615828461139005690e-01 8.981778602918537580e-01 7.489042310516420553e-01 9.000870859401485236e-01 8.909204833009845004e-01
6.388582388150643165e-01 5.620114933893882725e-01 9.796281999314849775e-01 7.745296391729999952e-01 8.292283956729142869e-01 6.941313173286030036e-01 8.362651321156999717e-01 9.106535351562081715e-01 6.496484698000577485e-01 7.773615522193242366e-01
8.230177192963897825e-01 5.656353947231860246e-01 8.190153077750292887e-01 7.874377113070034628e-01 9.494634434739036566e-01 5.469010092822024216e-01 8.361720946904691587e-01 7.455464830565727841e-01 6.946765883073380277e-01 9.857564461160508440e-01
6.630601934435316203e-01 5.177671943753547890e-01 7.827264011942463018e-01 6.430351732226324835e-01 5.038336552803458490e-01 8.973240800861985722e-01 6.211756810905202375e-01 8.158787429800089530e-01 8.821986552335669973e-01 6.816250296184559465e-01
7.435915531888319663e-01 5.058694988549230498e-01 9.093503492907089036e-01 7.091468737827022473e-01 7.610847889733011185e-01 9.102693037909629359e-01 6.543678470599112451e-01 8.276422990099812083e-01 8.041823671318019118e-01 6.696759660551576676e-01
