5.150360523862577145e-01
2.484914121875489990e-01
4.515292933854540003e-01
1.566642229051094916e-23
4.715698377881171188e-01
1.475980332248870224e-22
3.260377085402521580e-01
6.977806339363377131e-01
9.050099051132460826e-01
9.060439596941479712e-01
2.504690871552450737e-02
6.408528063758973659e-01
1.110388047116206200e+00
1.850051240829879706e-01
8.515223445800357283e-01
3.128236371319841336e-01
3.186927658013536391e-01
2.506832298644658952e-01
6.801173639342268373e-01
9.600952710881325292e-01
