8.756097088291794339e-01 7.935696795278984750e-01 9.025779924042600655e-01 7.297556499927142504e-01 9.428307557166553110e-01
7.560078053251702013e-01 6.863068265892859898e-01 6.137774655926098166e-01 7.690394944775305053e-01 6.132779423063678959e-01
6.883401504893895684e-01 6.339099872396867230e-01 9.864108399628114254e-01 8.060992588019966210e-01 8.461650743473239089e-01
7.182365584119896340e-01 6.354810388352105655e-01 8.905097093729228419e-01 9.224429954507777918e-01 7.138025175237158182e-01
7.280058437659868709e-01 8.617349678746228925e-01 8.260652543847651907e-01 6.790822183162728010e-01 5.623688208692643187e-01
9.222729128860467362e-01 8.382276361389231489e-01 6.541301615538264169e-01 7.553715406740246774e-01 7.954525932323108783e-01
9.602613278059137780e-01 9.665357312025724124e-01 9.273628102124547024e-01 6.574043665900595190e-01 9.384716749238373179e-01
9.118104874860030185e-01 6.765895784009545721e-01 5.516009715956775583e-01 7.508812197007008749e-01 8.324776083818132832e-01
8.218548965843419651e-01 8.607893768641469157e-01 7.683095197690392730e-01 9.335778202637896594e-01 5.174873652883420494e-01
9.665201781449458407e-01 9.564046857323214024e-01 8.650990561877542895e-01 7.686493891293589842e-01 6.380395335234436693e-01
