3.540990967454806793e-01
4.788535384510930193e-01
2.316738824612831760e-01
4.566176102043562057e-02
5.465907947483741314e-01
3.510066471400600241e-01
2.778912208654004123e-01
1.124776046568026766e-01
4.812517233005828565e-01
1.803651972776578738e-01
9.017403503558758526e-01
4.218041778822063659e-01
3.085547377910295985e-01
5.298960000861508979e-01
7.200687743722541390e-01
4.149966780267136945e-01
5.050801144451622093e-01
5.130353483393278458e-01
9.847331386586405388e-01
2.832896755013033507e-01
1.741589814083633891e-01
2.639764813230834894e-01
6.787630869085573559e-01
7.465920781483565971e-01
5.052902232153579920e-01
6.534397927280880536e-01
6.596273887974978267e-01
9.559613509314504043e-01
4.608086537025293250e-01
9.555709365579708736e-01
