4.982896950615737230e-01
9.529397480613588378e-02
2.850016209837594738e-01
8.602026797935913294e-02
5.860969623845303511e-01
6.460135649975362604e-01
9.321169307047726393e-01
2.541006963752734382e-01
3.327997802410209705e-02
1.580794819768320814e-01
3.972337235259773003e-01
3.136307452030340226e-01
5.979850259100285559e-01
5.174425129673587698e-01
8.348627736348240846e-01
7.420759505034409953e-01
3.475310872117080008e-01
5.160445510635549571e-01
9.273283268532970247e-01
1.652943051372292027e-01
2.566012842229242752e-01
7.981832776344612856e-01
2.711315335219864897e-01
8.716755936105847757e-01
5.197835194361434263e-01
8.684806776873377210e-02
4.880824997524427777e-01
6.147320643245217653e-01
5.181001888825067514e-01
8.390139688753743830e-01
