5.388964540474854292e-01
1.656610182365625406e-09
3.453078647765626119e-01
9.999993626045606820e-01
1.726289511602223659e-01
9.999995588893397791e-01
9.999999963616281740e-01
9.999999656089839650e-01
1.269656824121057070e-09
1.206781790052957604e-07
1.170990415744199709e-09
1.082287282017091457e-08
9.999999504462961930e-01
6.788116840696911680e-02
2.679246526453644694e-01
9.554879377522809136e-01
6.534625063281396251e-09
1.000023401759764230e-01
2.983666796353134920e-02
8.170220944236916694e-09
6.112681115431051193e-01
9.999999950044498043e-01
1.608312372169962146e-09
2.768019406423214424e-01
1.249554005631252629e-01
8.501899184665262510e-10
6.474316860405338048e-09
2.437657631304546157e-09
2.295509546433753822e-01
2.382723351956883562e-08
