8.755026330215086583e-01
9.055290823858098692e-01
9.517392717476348407e-01
1.412104631287852685e-01
8.398820821553967253e-01
7.977684402192329882e-01
2.580736395283431683e-01
6.491874846330414339e-02
5.659310438676540267e-01
6.849930733578704078e-01
1.766867714057602790e-01
1.431797770320797358e-02
4.182076827933313146e-01
9.392487181982287492e-01
2.569657730384449223e-01
6.153950882756232810e-01
5.282577644364907510e-01
4.130459754799208349e-01
5.451426818056626100e-01
3.287881114023055718e-01
6.485244525233506696e-01
7.992626126494930539e-01
4.212065594000549140e-01
9.502489855906374183e-01
3.785224222975499542e-01
7.851957625683685382e-01
2.043498165816453049e-01
7.275799128597716381e-01
9.967010918284562315e-01
1.662068496588759992e-01
9.447928525645649112e-01
3.663820241109186915e-01
2.472137795082419709e-01
9.812410002906829520e-01
7.152649571154772179e-01
8.046460589083738180e-01
5.874754326574875840e-01
4.055820394225467806e-01
5.206476312807051254e-01
7.218649780174675179e-01
3.882980237513471433e-01
7.926745968546794474e-01
9.394470595094327470e-01
5.031900526631087889e-01
2.599075799057979363e-01
9.139812109916706229e-01
8.527606939483295401e-01
9.182098307715609309e-01
9.379049099085549068e-01
9.085363736790303957e-01
