1.781019255247179300e-01
6.839643731625130174e-01
4.215696291845291155e-01
2.057697595678115166e-01
2.773703343005251565e-01
3.548977330052711654e-01
1.168715019073768291e-01
7.391756737210247730e-01
4.973663964264393167e-01
9.307339661196921687e-01
2.178593478049948295e-01
7.109568644459092202e-01
7.928862589730926169e-01
3.235974709754347867e-01
3.887074886991251921e-01
3.514021667719695596e-01
7.956704453319883852e-01
9.411618163151110883e-01
6.949806134826326254e-01
5.801943820097021920e-01
7.659074110597069440e-01
8.442611124068688522e-01
6.297246215195111407e-01
2.214306725497894313e-01
4.410394713685064083e-01
1.201011867099788244e-01
7.335467111383509042e-02
3.880224258917778224e-01
3.261127960576108986e-01
7.451464700034171607e-02
8.966658395567378426e-01
2.737553712619145152e-01
4.540712568335013577e-01
2.893321118698011229e-02
7.802655678276660955e-01
8.377106591866858576e-01
5.051036276872612474e-01
4.582519909879845255e-01
2.598908930126870853e-01
4.455830752476716006e-01
2.091807071604612212e-01
6.605381386939692678e-01
1.702900643511056078e-01
9.740073473528495507e-01
5.944720837301292748e-01
3.088392641077479794e-01
9.946513155591257815e-01
1.180470092760033118e-02
6.614122825498928160e-01
2.776615519276790511e-01
