2.427995715423188049e-11
3.595615438545907051e-10
7.508419845055453353e-11
3.711755252575895669e-01
6.128575902255372907e-11
1.144877735348263663e-10
6.750965572058719388e-10
9.999999995631022598e-01
1.302252628364514888e-09
2.785613415459058384e-01
1.602646101147078006e-01
9.999999996132741265e-01
7.840330117460007076e-01
4.611286971883388979e-11
4.234012197159822133e-01
2.887303802973035826e-10
4.173246154082531634e-01
9.999999950272314697e-01
1.996259191435377778e-01
6.605025642752254678e-01
1.113022430155847786e-01
8.519523773811815772e-08
4.068159925592679249e-01
1.907877113722327148e-11
9.639330882348144669e-02
2.901215920284471713e-11
7.046886923885651131e-10
1.915517393452968040e-10
3.224611082195949559e-11
1.057094301649876089e-09
1.438464563218947153e-09
1.069665265770067709e-09
7.283695952088858894e-01
-1.408533071112202103e-11
2.650261508468423899e-02
1.748342358657047905e-08
1.098447505265636871e-09
6.317893142707554921e-02
2.999564497669363531e-10
2.668310212693599272e-10
5.100691904923693208e-10
6.581243017771522824e-10
1.132292541790067300e-11
8.214374303548676037e-01
9.999999929797196430e-01
4.883910746141081724e-11
9.755321608071167161e-02
-9.560122481972967043e-12
2.653880825497119930e-10
4.140192884798610037e-11
