6.582716908457775240e-02
6.621457071547687256e-01
6.005874289436352598e-02
7.302783309556515334e-02
1.443348528676491327e-02
6.934006597124220406e-01
8.409560212638858001e-01
9.254354017734724991e-01
6.633142168850505449e-01
5.113017060233607802e-01
7.615643837578593978e-01
8.233273331548349727e-01
8.770559673822880820e-01
2.420887374661314650e-01
6.439573960828137711e-02
6.380545161216999439e-03
8.309531786956512178e-01
3.397046133365795306e-01
1.209824217985804307e-01
5.440765918191237116e-02
