3.903063395627333065e-01
6.862462254020875729e-01
3.425694860086635485e-01
1.660113845308269775e-01
5.570563337059408759e-02
7.087384231542925850e-01
4.451331757472889450e-01
4.029867239689917113e-01
1.175898550604933535e-01
1.899644512772653560e-01
8.348427409728796933e-01
5.939909238563910732e-01
9.851711744958193684e-01
9.290145326645583568e-01
4.340851048180287552e-01
2.742237219288398142e-01
4.661421585166328763e-01
9.773470556399024289e-01
3.782408580116641827e-01
8.301972361336732442e-01
