9.999999398066456990e-01
5.421549875705977684e-10
9.999998688779194733e-01
2.783168784326051082e-08
4.060726767039253282e-01
4.953193410983658396e-10
1.968614160574588823e-10
1.287898676594068093e-10
2.464903836596477049e-10
4.809173059783233839e-10
4.553417642938484278e-10
2.599631621080789046e-10
3.636033696352569677e-10
3.981338542284447168e-01
9.999999757887128027e-01
9.999999918789947984e-01
2.111768537815805757e-10
4.820671339990401094e-02
1.390679385377535660e-01
9.999999964301662381e-01
