9.851078074158564624e-01 5.183441455218839033e-01 6.380578499189787367e-01 7.781251995696366608e-01
8.921265870023943334e-01 7.753054072259666363e-01 8.921783907096285660e-01 9.911521135578069686e-01
9.499786820882800686e-01 8.906934915558595289e-01 5.466474080829727411e-01 7.833034917889041271e-01
9.853246091203473611e-01 5.669961740973521458e-01 5.649709261108867286e-01 7.663085730344545432e-01
7.559244812085328391e-01 8.094592247861169820e-01 7.636601603180868114e-01 7.283397626583525408e-01
9.241780839402664594e-01 7.741287903238718293e-01 7.476095591637648141e-01 7.747992028026732259e-01
8.936419547151650544e-01 5.360644107564654925e-01 9.487863268876144396e-01 8.899188090198233425e-01
9.375751057414101197e-01 7.520727802634600279e-01 6.137488156950569040e-01 9.345782697627889046e-01
8.702578817711246195e-01 9.634349950877101332e-01 7.021683162004663803e-01 6.727560818740991877e-01
6.607943546254975153e-01 9.580695523512369194e-01 8.166819992934012395e-01 5.781165635976203143e-01
